,0
0,323.3023489898724
1,319.9522654639739
2,323.36860629454594
3,326.52891865691424
4,396.4338822470637
5,450.9378921486353
6,266.75683270545056
7,297.78986771605594
8,312.8985678282543
9,257.7245862151706
10,323.20957557783424
11,335.35397434767265
12,379.28268370242654
13,381.2173410795724
14,391.34276136583685
15,331.33691342356434
16,375.9666721994733
17,309.61531234210463
18,213.00432916077813
19,309.53559209606817
20,324.11772379045374
21,371.75731427760354
22,439.3390246421386
23,399.3011913078389
24,343.96973950240766
25,342.4181126898811
26,297.26484379617347
27,359.21999423559544
28,359.6459904853779
29,287.79350730569115
30,361.8229765497403
31,381.02950247962076
32,391.67873918039885
33,382.39169492653645
34,362.99792465374475
35,241.576678156241
36,329.49184972329437
37,387.5318756880786
38,304.5906964116909
39,352.630328717787
40,362.7002275356208
41,332.3712542634667
42,386.56485997929536
43,294.09134110882053
44,346.49240332480815
45,384.90853219470864
46,379.44524038738814
47,410.04517605328016
48,278.1317029345108
49,345.58407685572166
50,312.8979021455628
51,360.39508333405024
52,368.70151192352483
53,291.1312220467077
54,354.18160956129196
55,376.96464380498946
56,390.5472246960836
57,359.36688215380104
58,376.8352807074445
59,291.86817876976073
60,425.103960906051
61,264.90412201655494
62,315.62423677559786
63,333.5894758928688
64,369.15759859780565
65,319.5498377299524
66,351.4603227429937
67,376.8565406116068
68,400.18061343107496
69,311.62293745347023
70,284.5177610387922
71,297.63034256338744
72,326.9560515467108
73,375.0482017201803
74,302.0747395620306
75,255.27276699911604
76,323.0425415895356
77,407.2011910342018
78,367.75898435648173
79,319.75771526372534
80,287.18684062710275
81,320.3485253590403
82,321.03958386088027
83,398.7339790624591
84,363.9722380707053
85,290.12345361720213
86,354.1127297575751
87,315.10232720546276
88,368.462014058801
89,350.7459906144167
90,427.6964672378489
91,276.7692806833529
92,350.51767436477826
93,361.0975429511612
94,428.0887022429855
95,354.71459089531425
96,359.3097299528742
97,360.37443736224765
98,281.3191436934561
99,269.9089262865198
100,326.648075037511
101,387.6555691835405
102,337.7615843102681
103,411.48146784668137
104,362.18792245543113
105,411.17372699576526
106,383.4048773179268
107,296.89934499736785
108,375.4832140701505
109,476.6045282958812
110,386.75120344712224
111,406.99885252898173
112,363.40191876429014
113,271.8698410765069
114,414.0875083481386
115,337.7984903306815
116,306.90086318707074
117,339.0935050225243
118,331.8361528505234
119,296.9339860297472
120,399.14762369884403
121,336.33536085739536
122,283.8116640876652
123,297.66228179694065
124,429.15338922067286
125,424.9497357774057
126,347.10361643718664
127,447.4730040809096
128,400.93705251721605
129,346.25343393641765
130,393.50739547088267
131,373.08729152584704
132,347.0132412573106
133,399.0277878075495
134,297.45484297076285
135,378.56559328504204
136,271.68991754062887
137,398.1466935691885
138,293.8358944593592
139,455.9656556287993
140,393.1102701695872
141,341.8409400625155
142,363.80646108539435
143,322.56951996896686
144,327.75033273589037
145,295.37522116114064
146,409.4546484547744
147,421.3249717635421
148,368.20520416275474
149,393.32036175510245
150,332.2344272072739
151,436.1902033262711
152,315.9592368772688
153,428.7601929031439
154,431.344130546673
155,465.80546682368885
156,417.6102448359791
157,383.1087607214261
158,364.0335343517905
159,337.9587192141617
160,309.9355788077953
161,439.3857155950603
162,321.3683770934331
163,316.82324806544983
164,332.39133609283795
165,430.253960747047
166,277.9213577098603
167,396.2441708895928
168,449.16027655571895
169,366.0049678461322
170,439.2790136303476
171,376.02855847951037
172,324.9186315086001
173,400.27077167233443
174,336.16657561103443
175,448.0790460405018
176,406.56895566271317
177,390.4816053333327
178,326.01219403235064
179,299.24080207503675
180,404.02174533586566
181,386.6685852658644
182,347.12969869679716
183,393.41517878392074
184,399.1909603500934
185,364.0535171270447
186,337.35140401030816
187,258.85363225490744
188,300.6267552608649
189,380.3361566902303
190,385.31592527373255
191,332.5293622424953
192,337.9491904982619
193,388.6804923963944
194,331.0334177842355
195,315.18522762401625
196,323.6453409137776
197,315.343068052162
198,310.36610939918677
199,265.28910031622735
200,225.89126887179737
201,351.2291426657879
202,386.55032405784823
203,353.4821232434109
204,399.40216642144566
205,312.2510585237505
206,304.5692734023666
207,164.57396068115168
208,324.33098507140085
209,361.85473806477717
210,385.92400660697075
211,277.01179010623446
212,372.1408334546556
213,423.13300857545283
214,241.96761999332426
215,393.64743807156293
216,313.2469725993765
217,358.4714540987658
218,305.7110403580254
219,404.2688446529219
220,322.74589834454946
221,343.9162331553958
222,425.58771283601084
223,349.6821043018415
224,254.8988508113615
225,352.79929546848837
226,400.9465003030292
227,373.89691687588135
228,369.1893640385671
229,257.7528526266452
230,335.6448604701611
231,303.30686335713114
232,424.78432133750505
233,284.4451252292657
234,321.54330794222176
235,345.251917235494
236,354.1062839308288
237,315.81001181359085
238,284.20979362412294
239,378.71023399845615
240,369.64764994427065
241,296.44598814256057
242,343.9445945514614
243,295.997595535298
244,400.87128970494217
245,300.2939615199332
246,341.50839457342846
247,353.7463719337247
248,446.97616755196003
249,305.73460062189133
250,331.40172393860513
251,294.14504423307187
252,275.77547691838527
253,363.8385890109973
254,462.4406622091695
255,310.85904937069864
256,403.5179030786286
257,344.75721493887795
258,319.1587809240119
259,347.53915497134415
260,273.29810127368955
261,383.40062027311467
262,375.81700803112915
263,292.4598789576294
264,399.77524787814457
265,352.3456625850741
266,264.96934131664773
267,420.69855473863527
268,302.98110344075576
269,385.2693482862113
270,339.54093608413007
271,399.7967881173555
272,332.10514577561696
273,381.39704752427264
274,318.44862922213116
275,349.27479146444733
276,442.93837676924596
277,331.69046210196905
278,339.86898041863935
279,370.25587356074885
280,326.9053054865277
281,381.9690200663912
282,354.9266288311672
283,374.16543934482127
284,333.3023123214864
285,218.07417557675325
286,326.4727347286845
287,411.4992134176023
288,401.9920462646827
289,255.612759035767
290,328.1467311537046
291,378.13823576364285
292,335.31548402960897
293,351.4462425238931
294,260.2321618181145
295,384.542156682419
296,384.71363683690794
297,244.86584586884447
298,373.54955004373664
299,340.2765006018832
300,384.28280367315904
301,380.4623266729275
302,437.2860569308896
303,385.7573734921362
304,304.8286234947104
305,323.8813231865255
306,315.80579627640424
307,406.26624858562843
308,303.4150083052356
309,400.8438535241817
310,365.32136409886044
311,425.574164700734
312,333.6026784164172
313,338.5686188708876
314,332.8875010332745
315,352.6593244537783
316,368.29806011561095
317,367.2231922135921
318,311.16821459985636
319,341.7857266198099
320,453.5791686258884
321,374.99280132725926
322,501.87222644542254
323,439.2096206297374
324,354.22676260507933
325,259.8216595318469
326,374.034592095882
327,336.90355115560993
328,318.8287913847814
329,364.463793788688
330,291.07024497780276
331,384.78047022088236
332,270.4708305068828
333,328.50865376294837
334,367.46348622701083
335,304.699650959031
336,381.9938029864963
337,310.2938993160173
338,354.81549266843086
339,330.43832274448266
340,456.85961246489853
341,247.56205979618275
342,410.40060263761643
343,295.0143299221155
344,379.76327929847645
345,502.183754451724
346,332.5830287895815
347,376.3675443888717
348,347.9322700478336
349,293.52276346771924
350,336.6371849597577
351,358.6587904401026
352,404.2496571146618
353,347.2690203987673
354,395.321834978541
355,206.19379837650703
356,308.8133306378454
357,233.52371719620697
358,416.3489629327786
359,330.3997392993795
360,335.24759717378964
361,352.32715433710877
362,296.40003415867795
363,363.57059780939204
364,345.41654945272063
365,376.20618119545765
366,388.3543229673927
367,337.1209834854322
368,354.7954554838484
369,412.7105662447723
370,305.0792073057558
371,368.2709667189971
372,375.2732715705059
373,371.0402103854392
374,410.6467176412817
375,413.3200340100254
376,385.2349742860197
377,433.53211090720913
378,369.23175181964626
379,389.1655978616199
380,330.2503591565469
381,310.49179435231866
382,397.73292298548813
383,429.4063908518561
384,377.6413693182225
385,441.1177759700141
386,318.5180718300291
387,274.54512797137596
388,283.9877584577359
389,300.824251922131
390,395.154796433904
391,419.53257086619334
392,371.34960641354223
393,373.85486018431345
394,438.30628812069745
395,327.83500106662285
396,448.844165981018
397,397.8337381464579
398,286.8110431612695
399,342.5270831065446
400,465.03887839336716
401,307.817705036424
402,329.2178549575915
403,337.0044056867823
404,277.37822884343166
405,320.40170768208685
406,292.98946052147255
407,343.3554678342774
408,332.30326615713926
409,363.8117740954044
410,270.41185106255887
411,362.5421083228706
412,355.8709828310261
413,377.4193205205179
414,265.1292149676288
415,339.0934265664315
416,347.17651563336824
417,333.21385461624556
418,352.76632658894334
419,309.88721396961864
420,239.90310000314284
421,373.36115601171207
422,400.45992574716905
423,391.4188248612444
424,392.82385372982156
425,370.09100781124886
426,300.095987102043
427,379.65923569680837
428,323.5563121248435
429,299.41399518698535
430,390.47567015841724
431,406.16382804290384
432,300.1370876017957
433,358.0819318750578
434,290.3063298078989
435,327.8881190764896
436,350.7803523835661
437,326.37326537519584
438,360.0355839993153
439,359.4687220614348
440,333.54291999685023
441,276.6866758354268
442,270.8841006529527
443,395.8653888120419
444,390.3916506684049
445,356.2709913002793
446,349.8116412136664
447,310.2776825514294
448,435.1311345948393
449,345.25772764364956
450,366.7406449419441
451,297.2673640332566
452,343.91744894746193
453,299.0391177872126
454,287.67214026744523
455,252.6642581576593
456,306.9142854591187
457,279.78015762444363
458,401.62700192460534
459,345.21637943908877
460,262.0958484203909
461,349.6728516000219
462,287.3625370847485
463,340.7470920826682
464,266.5205247163316
465,328.1023818343711
466,250.65368835027618
467,418.53164273229686
468,369.28838677671155
469,277.99552252398075
470,322.49208491144157
471,323.2148671866051
472,395.41650639254885
473,267.4175741358916
474,383.1395359212402
475,257.4442371617263
476,381.30874308766624
477,386.6681856781229
478,380.6755507030305
479,359.851767909633
480,313.4813969440505
481,394.4032236434146
482,327.8172511159621
483,470.26558408066785
484,313.30812614904795
485,339.95955302445094
486,362.21168741666605
487,336.20631102029813
488,391.50886075141165
489,380.2149688463674
490,268.60189382757767
491,453.16377251503053
492,245.50124555126035
493,294.1966142240237
494,304.66184863237265
495,489.146482484317
496,290.52800487458035
497,362.6266790560139
498,434.3147679040562
499,305.8884028538374
500,411.37507954354896
501,376.9892387560201
502,266.0675898362468
503,311.779019035601
504,424.767350888978
505,362.1982610951794
506,382.169814929797
507,276.0802660568139
508,346.3892782002161
509,343.2648375576274
510,351.8574926279751
511,388.17894842841457
512,292.18482166878334
513,277.1573461449749
514,336.5245085718251
515,288.28773733938385
516,365.5118771140174
517,364.4974104875799
518,298.2553363443506
519,226.65478770782923
520,358.50520293157956
521,409.43822121574374
522,365.77200555145964
523,327.0464118267486
524,358.0501456783063
525,286.3054787761542
526,366.7178693962834
527,353.60781930926476
528,339.6408066541633
529,358.69164365033663
530,389.95835111850045
531,311.757510198447
532,378.8580712008708
533,325.488043878708
534,367.60276540487143
535,381.41296252516867
536,416.2550406222109
537,355.87143031014534
538,290.5144914084917
539,400.26695216549973
540,297.99073606028486
541,276.56647009904015
542,382.4088303983319
543,366.3770553570151
544,331.2215847271651
545,316.60407249901453
546,390.7218942385876
547,379.29302775831763
548,355.12807060461154
549,354.8141002293249
550,296.5458820738744
551,326.1915758210409
552,305.31184654890313
553,316.73942239736544
554,343.01217265474276
555,403.69451592736516
556,393.58600168481246
557,323.1555841664856
558,257.06983219786895
559,394.40425803325235
560,340.1374364860996
561,272.44891562889484
562,378.5025272371496
563,388.96413730186595
564,340.34621493371355
565,332.83509839263695
566,349.7952301016561
567,356.020229948938
568,358.0799445552551
569,244.8583003706584
570,375.2532275938218
571,349.0878024253512
572,333.7165728492722
573,300.34005794919346
574,404.36863514513533
575,368.0157796128482
576,366.9880769065594
577,269.0665622436695
578,386.33438883069573
579,310.6605883277094
580,276.6007322084746
581,340.7658223732805
582,419.10850734411713
583,395.6201741653687
584,333.2288591603116
585,296.7824118954321
586,358.17792050351574
587,298.5199203658892
588,382.5549553086467
589,364.97318596365176
590,345.2529565168844
591,440.710370706581
592,340.65954375323895
593,421.21429756044773
594,272.3482974704474
595,430.76224270856545
596,431.8597497053226
597,379.0136862522469
598,287.3451545142347
599,434.353871028187
600,286.5275192386707
601,378.14405996242965
602,345.27516810293406
603,428.1089268387815
604,357.63580816484745
605,431.75724108041544
606,326.05012099424613
607,302.98882733536965
608,323.02521514592377
609,450.3819345720844
610,290.03720530282493
611,330.6626871151311
612,369.08881479838783
613,411.8445198883718
614,397.9787276121979
615,298.93173607881636
616,464.0727307440999
617,323.6177980256828
618,348.570431094441
619,398.67748084855606
620,306.8296420705348
621,360.96698839648894
622,250.70953398360655
623,398.6312779279233
624,301.99302333004795
625,392.104396608289
626,325.9803409898973
627,309.0342536188017
628,429.2421555617038
629,418.2727920919298
630,251.70862470044108
631,366.17005724722213
632,274.3328116259441
633,310.13676854237184
634,411.6635586898899
635,376.24326090561874
636,432.47439688016107
637,400.9387433778003
638,358.268201866485
639,325.70710556659185
640,331.74192221345544
641,384.1898000048776
642,351.43740965754665
643,324.187785024225
644,287.6511939742544
645,431.8722443200659
646,349.2211210594475
647,339.75422743123863
648,343.82223690117365
649,290.9036063245885
650,419.16563631756895
651,387.4000016923623
652,432.77421495672814
653,313.3889817538787
654,279.596808879911
655,383.7106009930793
656,268.628126998485
657,302.43059770216763
658,373.71641863052884
659,446.67823947545014
660,376.2541769563913
661,386.12203715001215
662,415.87191183146354
663,353.50029023299857
664,374.6773748977647
665,378.20368850624897
666,438.7845878330187
667,356.688054708381
668,407.4889731832068
669,391.6442412525396
670,407.8804363955807
671,400.9520810061411
672,292.5784870891658
673,386.8527331141793
674,355.23440080616496
675,298.4354376409777
676,262.13468699530245
677,344.4888717839545
678,415.8609596011158
679,333.8083048634852
680,330.8076778117689
681,346.9847583358719
682,347.5705964291902
683,305.1056637214666
684,287.9722440820234
685,358.7004987233955
686,310.89643680423893
687,408.13716375352857
688,354.2064368511442
689,293.04909208326166
690,321.3123697453337
691,372.0477589447241
692,387.12010814567515
693,326.2959642222885
694,308.70400890812897
695,308.3041999823072
696,374.6271287107303
697,389.79168324044883
698,297.03383397362893
699,380.4325739833162
700,342.6455934411086
701,247.99467258177702
702,307.2714867525829
703,364.9006863106743
704,346.9755145377692
705,293.45513429685883
706,459.3304088026649
707,303.35894920867366
708,317.30898352892024
709,284.8575336427824
710,360.8381269763965
711,294.45972469751644
712,376.59038772505284
713,414.367242525607
714,302.4716837593329
715,371.9848277434688
716,373.4701297842856
717,305.14822336276904
718,411.5434068778534
719,353.0080957573378
720,344.2835093186243
721,378.58297051740476
722,473.784015551804
723,405.8078253480409
724,386.72709532544025
725,394.11522686234
726,348.30576240091017
727,363.8273901081513
728,269.7912224406371
729,298.5756414270592
730,286.8737947947543
731,398.4411120100055
732,367.9243081141961
733,363.64618437872974
734,354.4444424193121
735,309.27457828673784
736,340.4481951301637
737,319.27849456114416
738,349.370615863805
739,334.59080940373934
740,361.4562621519382
741,325.45754559192073
742,329.9122793656142
743,348.3078389478432
744,336.12748882310285
745,365.7732439419611
746,385.22708635722086
747,440.42776096675476
748,397.87655951364496
749,381.8065312490344
750,392.06411757360314
751,308.57578489146755
752,380.9766212412433
753,300.3681806276692
754,388.2783581915177
755,328.64546456400205
756,396.5490512422161
757,397.2514487465276
758,296.04013080538414
759,252.5514659099017
760,318.2536056935653
761,228.635964161674
762,332.81544080960657
763,451.86493076535487
764,399.2161534093105
765,394.32752177811994
766,347.79138461439146
767,373.90490555631783
768,266.1322542471625
769,452.38606098175376
770,333.6807001905166
771,387.4584070629262
772,318.2381724759357
773,249.1596613948438
774,311.4694954169071
775,390.800423744636
776,351.4858107938278
777,258.54052053878627
778,384.9418753513816
779,409.1231894540153
780,318.2752076692825
781,379.6278269122025
782,351.10890722874694
783,387.52938016298776
784,358.15931273197555
785,406.4837931813385
786,442.66316323356426
787,331.5914370356467
788,303.0562271895682
789,319.03858769646286
790,390.84138985833795
791,273.9855715492041
792,353.9744251683335
793,338.7397170376406
794,331.84928960488674
795,401.8596077787868
796,406.51519583605983
797,283.9414379598751
798,324.60535034732806
799,360.43413197716285
800,375.1421302871026
801,343.2751557657051
802,305.90131901979464
803,339.58484291882854
804,280.6950619321568
805,363.9645728815535
806,304.2181123396024
807,331.7474567111944
808,307.0996776237951
809,371.8178203770594
810,318.6071015410734
811,367.7444557850029
812,409.70023872863214
813,373.28356747858464
814,400.36335697063316
815,344.80945624756487
816,342.1255916866696
817,337.36774574307833
818,306.56576425443353
819,319.293989942469
820,368.77719810150774
821,283.4864061050533
822,321.01054589454975
823,331.2719626374256
824,462.8993893693552
825,391.4437103307181
826,424.07042882324663
827,352.3761366963551
828,380.9813996818613
829,359.8155197498085
830,343.4449375634253
831,347.1518914348525
832,410.64610211933064
833,350.15551739628967
834,294.35817352308356
835,276.5277098143624
836,393.51655309541076
837,346.32889275210516
838,242.35980249493474
839,368.47822926104874
840,316.9384501369419
841,286.40642681279303
842,444.81144762447104
843,403.90281045259803
844,431.59606161068047
845,309.4814756255126
846,234.4531148077633
847,262.4986435058223
848,453.8172889381764
849,319.0799614345444
850,295.70859114721884
851,379.87100318302527
852,355.15350049295074
853,357.47428360775046
854,343.2004385140551
855,256.8177520470084
856,398.8127742649198
857,292.3643719245766
858,400.6848262611469
859,339.7456223926242
860,348.1538624736232
861,314.3513239985185
862,284.9634417927576
863,274.6690721972921
864,396.7382841130508
865,266.0150519624141
866,338.45661835859323
867,338.43542580550195
868,360.67480512078487
869,331.21072436373225
870,412.9084408986064
871,288.18538377979075
872,327.36318819786294
873,337.9319157610879
874,346.91918375261133
875,319.95389519843474
876,366.3655404725321
877,346.57867302572436
878,315.6795758680747
879,367.4854670860637
880,330.7592263279299
881,378.65158670434033
882,381.9535805607578
883,360.8679154175607
884,374.2983001289483
885,255.60723663991035
886,394.5827618557621
887,348.93088204684227
888,442.4865874269036
889,337.91053458798035
890,309.2645914275319
891,354.6658888408513
892,425.30137232704044
893,381.2674824142768
894,427.2557931909151
895,376.381929380113
896,311.7007570517757
897,370.3023104796276
898,372.19685773239416
899,366.66371451964335
900,318.87557993867676
901,354.0541134470013
902,320.85827061220675
903,338.6428076353077
904,347.71321781743467
905,363.5561870624631
906,337.57611030874654
907,309.14217151118703
908,290.09571156029085
909,320.39634171516417
910,363.19175742721774
911,406.4289289649772
912,378.8045010648129
913,422.83009158303014
914,378.5285095477493
915,369.4382872643683
916,335.61641886853175
917,386.48780887206186
918,428.7036450016375
919,221.03510192491154
920,341.8749501107444
921,324.6466113326741
922,312.5830595747135
923,401.64233967305404
924,271.20220925513394
925,321.483627043513
926,398.97224545686396
927,323.15956604713716
928,265.38187141237404
929,349.3423400059289
930,382.8630237231955
931,329.8651537882626
932,354.4053888846446
933,355.7203341462403
934,257.77804648637056
935,291.59027868746
936,376.88669303416617
937,292.36459381766906
938,393.54696409518806
939,392.5133529112976
940,307.1781918982275
941,404.039523746289
942,362.24523954322956
943,352.80793936534764
944,341.2608556769889
945,334.95779199702116
946,332.92182039749554
947,336.46553132912817
948,302.73033023027097
949,386.98763405777083
950,318.0042236216459
951,345.47215266365055
952,321.2436438279244
953,362.74006459592243
954,317.31704886622595
955,315.682694081226
956,441.87384439331345
957,446.6657149469601
958,340.3752649490881
959,303.72047350383684
960,275.2717356757263
961,434.5342725294944
962,283.4036667593867
963,334.67770478714783
964,337.25605519071075
965,386.8159165855198
966,416.9166960925015
967,358.89442592311275
968,440.796966635079
969,295.3499630260243
970,363.7987325780754
971,325.84292078982224
972,300.7757097690351
973,241.06681879178575
974,408.8749495236044
975,340.5516341769595
976,364.9449073002303
977,367.548475226457
978,300.1459348561247
979,436.8163814618377
980,313.2960998700554
981,351.50203387051835
982,388.56514196514496
983,273.8394015912401
984,321.1369736876985
985,455.04407734983045
986,436.07517609849356
987,295.99224604128335
988,260.01592090524184
989,451.1097988202126
990,476.77689222703043
991,375.5055123226365
992,339.1896464383082
993,299.6222627795833
994,300.29599657272706
995,391.3074896646388
996,337.0809347816911
997,341.49825289733855
998,382.47192790366466
999,381.60122866755046
1000,354.21173581257864
1001,346.7722681940332
1002,304.31600407741604
1003,269.1513259349834
1004,383.6699830073353
1005,267.2757315625314
1006,292.6138102023353
1007,398.7379842723271
1008,331.0435195315263
1009,339.28136047824756
1010,388.53253791358964
1011,324.04730352430676
1012,373.56587241778345
1013,274.6301335137158
1014,375.91030449846676
1015,372.73413085622275
1016,422.7928602396407
1017,350.909891360507
1018,265.2885674912433
1019,343.8903505207894
1020,293.9394563266033
1021,331.28422716056355
1022,404.8989905010556
1023,322.40922142939206
1024,352.52358285940954
1025,381.6805956770033
1026,468.91627126003823
1027,313.4083427032322
1028,233.82152975528294
1029,374.0752171934162
1030,333.4975114775081
1031,377.904031717698
1032,400.0935558353781
1033,375.59762066487326
1034,271.2268161931972
1035,330.2875584381229
1036,335.558627101949
1037,354.74987491633186
1038,336.1922069520401
1039,314.5548063435045
1040,363.3183434566339
1041,410.12854794026697
1042,329.151422491959
1043,309.70946515892877
1044,355.2445015622747
1045,415.3828304819301
1046,343.0203419618573
1047,367.9252738065968
1048,299.9891310497619
1049,254.52867367094586
1050,380.02524323159093
1051,419.66733382901356
1052,463.13886622245525
1053,351.83029920417084
1054,374.997810982932
1055,388.0410806926652
1056,265.19363160249674
1057,359.6071480829105
1058,440.3955017793884
1059,339.8956422063354
1060,286.49405820613117
1061,364.63989885959387
1062,326.6309170136585
1063,332.1577584903544
1064,438.10312249097774
1065,415.90017937736263
1066,368.8415713516188
1067,425.9964790262578
1068,502.2870154105632
1069,352.48589778449673
1070,314.4734779762807
1071,309.0813711534731
1072,404.23978786017494
1073,321.96750749253215
1074,400.27169959481364
1075,341.06250032457876
1076,290.05064435129873
1077,370.49283489011316
1078,333.35151640143687
1079,416.39504033230753
1080,353.3918041535285
1081,303.3012047874854
1082,328.65600477626765
1083,303.6136475512854
1084,337.0996449280077
1085,400.3188393706341
1086,290.77602002103896
1087,232.76567523582082
1088,352.38899101359334
1089,322.625038877144
1090,384.54901909261093
1091,303.93076343816983
1092,341.21418757340325
1093,296.5616645961161
1094,334.52896808055283
1095,271.4701428827975
1096,270.0397905943626
1097,334.80862283331714
1098,336.03872808349274
1099,332.95519598543484
1100,421.4697757105513
1101,362.57837294410973
1102,408.1542358633208
1103,320.16469125802786
1104,274.8720565375834
1105,413.8232212797056
1106,362.49279672181575
1107,391.9487328008246
1108,347.62812746471457
1109,465.3676806180446
1110,398.58205557271697
1111,277.58760531608687
1112,357.74567890076884
1113,410.807712576336
1114,331.9235407227473
1115,343.31377367390087
1116,360.3358401685126
1117,286.4632703954522
1118,356.3132567860318
1119,441.6441937613379
1120,366.160059811421
1121,383.4402866477298
1122,443.9890224197985
1123,274.7997156189185
1124,328.4974024750181
1125,422.8799244597195
1126,366.77143599336836
1127,347.61830415636615
1128,353.81909329148544
1129,365.9823069496186
1130,335.4918159607163
1131,357.65126334024586
1132,280.09517247422457
1133,405.3744841203975
1134,312.4289295810911
1135,437.5395240805629
1136,389.710573322186
1137,398.30164353124417
1138,415.51001590252383
1139,336.41814397967784
1140,249.3733203406222
1141,383.6612764295802
1142,336.3375750425851
1143,333.382315743767
1144,331.6386540226307
1145,334.09125290327376
1146,315.138269388475
1147,366.88150196445304
1148,346.6575165087063
1149,255.62889027320819
1150,294.3387312204231
1151,335.77916332939526
1152,372.2770940931611
1153,375.5506094004145
1154,333.12664093380755
1155,286.2733478792494
1156,318.4820731762932
1157,348.0444316155201
1158,351.3299741907929
1159,354.69394053611484
1160,315.0864164829767
1161,372.16166594318696
1162,310.6166286973504
1163,303.9535064023756
1164,367.9223287428331
1165,276.85362577455044
1166,299.621906097698
1167,350.3394908074442
1168,359.8634519694629
1169,324.4463235060359
1170,336.26342206519837
1171,379.89995047526565
1172,431.9788900326778
1173,340.558980364753
1174,297.03833093878535
1175,298.39135176615036
1176,403.76681313657855
1177,334.7954717411982
1178,355.5178401950903
1179,382.7877551856001
1180,432.74620645460334
1181,420.10811521179505
1182,229.77490197698074
1183,372.77606641952104
1184,401.928547276066
1185,335.37190850636983
1186,336.5984185271486
1187,380.3590551349827
1188,359.0763704654366
1189,455.3137010173764
1190,348.6316125809518
1191,339.39854644223493
1192,292.08649703929717
1193,416.08868889524285
1194,313.3663273174586
1195,287.1257225456677
1196,330.3801306053198
1197,408.3720271897555
1198,282.92211948824684
1199,423.1213835675161
1200,319.78912475867475
1201,214.13455746836357
1202,326.3929989964082
1203,338.88333204532483
1204,323.8322747693693
1205,351.0621542265277
1206,368.352558605633
1207,375.9029082301049
1208,317.5272811879857
1209,276.7978801693737
1210,444.24614207282116
1211,287.68764060603286
1212,310.5133367286552
1213,345.1139926340318
1214,402.9854831616924
1215,256.6773154466504
1216,300.5322890588044
1217,345.26869843905286
1218,343.86810240995044
1219,371.0097995463525
1220,326.0830974056538
1221,323.77087227267583
1222,374.77505391756813
1223,285.01824363733425
1224,336.6578755020305
1225,373.9742504305435
1226,347.07696862593133
1227,395.14588260049493
1228,362.82220756548037
1229,338.9789427992075
1230,355.8748411005096
1231,325.03349830491294
1232,422.0054791339669
1233,389.03553350837456
1234,408.48571506675955
1235,296.11143084380564
1236,367.0343251698831
1237,330.1627526046982
1238,313.33732543572455
1239,360.46259873804667
1240,380.0286841195309
1241,413.3293466869346
1242,339.02162997080984
1243,363.3240305348944
1244,314.906496793588
1245,321.8473492652569
1246,266.64425960257984
1247,329.7499951329029
1248,395.2911434888371
1249,346.0506572677764
1250,267.2465651462192
1251,347.76382141668216
1252,325.6939881269101
1253,313.7123055231888
1254,332.0528009909912
1255,390.9817472675358
1256,356.4023464461157
1257,321.93532472089726
1258,362.78952947472305
1259,412.1532997481668
1260,337.09273687232286
1261,335.3214185577009
1262,278.7078510424259
1263,292.93143761340457
1264,378.98700970610344
1265,251.82268480081143
1266,270.65718951820213
1267,315.3999983004436
1268,328.6171784973252
1269,456.07536365208085
1270,416.5363607500545
1271,278.4522023413169
1272,323.16034492836764
1273,322.7827175652857
1274,450.63168051133886
1275,364.2392072993516
1276,341.64347911837484
1277,322.59363493677307
1278,384.66942637715704
1279,305.7307166833597
1280,236.0268418815143
1281,302.4561439001052
1282,402.00750218926805
1283,369.2853174070221
1284,287.5304687880551
1285,369.83700732490917
1286,345.2949038923593
1287,354.6740869876081
1288,299.2337015138205
1289,384.36937935994166
1290,367.04362460923
1291,398.0275448799687
1292,360.06858813793167
1293,287.74694248680066
1294,316.8967962348507
1295,397.6529112373746
1296,375.19939509666705
1297,346.7543246019888
1298,327.27109030744805
1299,377.5187028292132
1300,374.6642728689172
1301,357.87341064033666
1302,338.2026284252826
1303,427.71607316375423
1304,378.3861367542269
1305,418.69517524871884
1306,335.73943921035726
1307,347.77833209168364
1308,472.2020166872242
1309,403.547867732116
1310,338.20659997175017
1311,389.98228063725765
1312,218.49299452020446
1313,363.7675167758752
1314,364.0122130012665
1315,368.9070193610445
1316,410.99287774667926
1317,406.31345826523614
1318,282.048833975507
1319,360.1224361949546
1320,246.66377797771554
1321,386.2198294571812
1322,329.2204355278231
1323,296.99698875120384
1324,372.834186997315
1325,351.75676095783
1326,411.2195530791122
1327,368.756991769427
1328,301.48810817180106
1329,382.22991054858886
1330,383.6986821743833
1331,387.11026000100765
1332,374.3111280995847
1333,346.7439276109945
1334,330.7328531426309
1335,289.8915724548315
1336,286.01445328469583
1337,338.4786401945191
1338,386.0481893541115
1339,345.8799679376057
1340,386.0315189695055
1341,354.6933259136579
1342,351.67854104654856
1343,418.887393426378
1344,270.3424818892334
1345,381.0754037065559
1346,378.80304306004047
1347,284.2485318661189
1348,405.19410617335456
1349,362.8713628016451
1350,363.02827565306796
1351,332.1597726225293
1352,392.81505757225636
1353,269.93629200174973
1354,358.26442641684827
1355,285.9170679107129
1356,297.70146877450253
1357,450.54094008171455
1358,331.81267877013954
1359,269.4892067883318
1360,293.728658762832
1361,407.82959529282334
1362,397.548600499081
1363,406.615220543797
1364,317.24088617371916
1365,326.3124090286413
1366,233.15746973885956
1367,421.33584429330665
1368,378.593074024321
1369,331.9111153369596
1370,309.1400267480483
1371,339.63598171676176
1372,306.69082522351187
1373,441.6087261665348
1374,392.34890457374
1375,321.340636649946
1376,389.8069746107348
1377,356.4579936802
1378,505.403624960906
1379,344.6487468267013
1380,321.37498959752963
1381,353.83259437192817
1382,306.38602637501367
1383,306.71646287254987
1384,347.9252717916073
1385,344.6397169087435
1386,417.0381975583788
1387,458.35607178100656
1388,328.6207014066333
1389,306.4312394349972
1390,384.05110939620465
1391,283.55021779352296
1392,338.66118312608876
1393,343.5203014157069
1394,355.0598552644416
1395,332.4662233809732
1396,404.0572279225792
1397,414.4957995808063
1398,382.7505704536816
1399,341.1167255278138
1400,338.5160068563461
1401,335.8331282455345
1402,224.3758883353945
1403,311.55243284919794
1404,452.21811967679275
1405,360.38758948159114
1406,351.2782390157315
1407,344.69518296678723
1408,274.3280920838639
1409,436.80235880817804
1410,418.6623277521205
1411,320.28290951153474
1412,361.6339100892477
1413,395.23685812023643
1414,329.4436736213857
1415,336.45417876057405
1416,268.79379249911653
1417,375.0729637873016
1418,273.1228906077172
1419,345.06003740491883
1420,421.9891447574138
1421,323.87882757205296
1422,442.11568606816866
1423,308.1432850599035
1424,391.48835827105785
1425,229.29562529638426
1426,362.52532773281223
1427,376.5419074645546
1428,372.9097233784949
1429,311.9393103278835
1430,391.5768401241858
1431,389.9526425300144
1432,299.5504147808406
1433,311.3847581533839
1434,370.747427099885
1435,312.8767833131616
1436,397.6497267461511
1437,382.29743642358204
1438,316.78286368655444
1439,340.26677523445414
1440,243.81376519604208
1441,402.76508644506475
1442,327.4747457767635
1443,346.8039346601671
1444,387.3674523887764
1445,343.89662294327786
1446,310.74971373572214
1447,323.82517979471254
1448,300.20586456724
1449,315.7090595972119
1450,344.43248671804446
1451,391.50059492531534
1452,296.62214077426944
1453,310.86256692684793
1454,367.4467189489054
1455,409.3928663750311
1456,354.2879611597374
1457,399.3667496441389
1458,211.74806005099512
1459,401.397758564522
1460,380.21320181093876
1461,333.68406087241584
1462,439.3138595256426
1463,338.79448576257175
1464,360.9997281538678
1465,360.3664811302645
1466,384.7363922943415
1467,384.26060484631756
1468,486.01830426240815
1469,368.66266514934364
1470,280.8444234284747
1471,392.4647466095401
1472,375.25592499843486
1473,403.41251740386116
1474,421.4186205156967
1475,371.15456280653666
1476,314.37144896366766
1477,382.64965423138847
1478,426.83895062644007
1479,433.6974256735187
1480,330.686551034624
1481,246.76891453395643
1482,341.3120103303288
1483,344.0411180699623
1484,355.8152231016846
1485,390.93221473192614
1486,328.1645840320412
1487,287.6169855468366
1488,314.1979466534117
1489,315.9884393123857
1490,423.82046642968277
1491,349.29963635308536
1492,360.4301863192691
1493,391.52075258377903
1494,307.67396814819625
1495,268.2409082211984
1496,286.33382220077436
1497,334.0153579978089
1498,417.9736356993126
1499,286.7269033841146
1500,266.9155672529941
1501,387.0248803975875
1502,301.42466479048534
1503,415.3430507416667
1504,366.4327118581355
1505,345.024200210356
1506,314.6277492213276
1507,265.3959178457593
1508,338.3351576783053
1509,376.0949378230272
1510,325.6287410278229
1511,390.9208900885839
1512,266.5230459622056
1513,360.73958775880175
1514,472.4862089569277
1515,421.61384310375354
1516,298.22444766467817
1517,315.32267767795673
1518,336.4950866419737
1519,370.4928783348211
1520,411.61779943824206
1521,388.048637096499
1522,332.557800283955
1523,331.38940298512676
1524,413.096078837347
1525,340.9664667651357
1526,329.11142751142086
1527,406.1993387415682
1528,308.1062422493723
1529,312.55901735892
1530,359.15251089825136
1531,362.8236231055822
1532,285.3744172764149
1533,326.2190287905877
1534,331.1394133449514
1535,376.02108549078525
1536,400.8483845073955
1537,355.45295673358714
1538,375.58213370443946
1539,242.65211064379076
1540,248.4987456202893
1541,289.7736923505578
1542,346.0579558922176
1543,350.07351292952063
1544,325.68367700451086
1545,355.2555461179329
1546,408.6972372846816
1547,376.5145234608731
1548,376.96692893035794
1549,267.0540873291808
1550,386.7577473302817
1551,374.5425182299083
1552,368.0373850140814
1553,276.6284492996592
1554,401.5010497482541
1555,394.6897756625462
1556,314.7635556603632
1557,269.1719484507995
1558,324.19020280395813
1559,381.82617316581144
1560,426.2629203992477
1561,290.7810485935702
1562,256.6818316228991
1563,286.94454803232856
1564,335.9763563002611
1565,344.2193973842886
1566,331.63070841860196
1567,405.2524804512742
1568,298.01052628992124
1569,398.8013157251373
1570,359.45287499482316
1571,375.9097054147039
1572,318.90355534819605
1573,390.2235216221528
1574,403.0601018188193
1575,356.97368705369627
1576,263.81848313429765
1577,380.39546777460095
1578,385.9242467938141
1579,514.9614888465833
1580,342.21118944087755
1581,341.08597586750255
1582,252.1558047516257
1583,330.7518881784264
1584,329.90496873612113
1585,348.97479200619284
1586,442.7468527978888
1587,340.6932394932882
1588,352.027910538181
1589,331.78539061495746
1590,305.5334118320458
1591,350.79557830787013
1592,332.4517889857652
1593,288.36763648689197
1594,396.99794481048013
1595,338.3510672680828
1596,319.14041462173446
1597,330.0922027515845
1598,305.821631076328
1599,305.2272741837478
1600,419.06341697820653
1601,310.7500335588613
1602,376.06442186570536
1603,261.61805008454377
1604,322.9725111547719
1605,427.9608336244305
1606,390.4335819544786
1607,440.856396591784
1608,350.3351345019227
1609,376.19598449101187
1610,361.4499201159693
1611,391.84958448863745
1612,377.08211260296883
1613,321.6473925154112
1614,433.4718376802059
1615,418.3598554729409
1616,254.315648938349
1617,317.2781614407469
1618,300.6702327423635
1619,254.14960830200505
1620,408.0849760746802
1621,378.7132284377298
1622,340.688633400907
1623,390.5548693235781
1624,373.75853694578626
1625,294.1909231907577
1626,391.5972570826888
1627,395.88164320312166
1628,351.01315977164444
1629,370.00939326138115
1630,332.0805705582226
1631,403.9333970903242
1632,381.83734558971486
1633,316.796181426966
1634,342.76475039653275
1635,367.93729214828585
1636,357.62148131274296
1637,317.55761514946624
1638,326.41922935216826
1639,402.5200515222405
1640,301.87034358277515
1641,385.9342581647643
1642,348.830628011244
1643,310.7522503723338
1644,455.835999819947
1645,338.9503173951091
1646,336.8327789502879
1647,315.0523992863882
1648,339.91053328279713
1649,332.951250407755
1650,391.35397533587957
1651,375.1176380360278
1652,398.1917856362325
1653,448.94050225082424
1654,265.66095324802507
1655,334.68794615312197
1656,351.4422046878902
1657,369.43255240082334
1658,332.60914508997035
1659,357.0230393164374
1660,302.41225962090397
1661,419.5718563089389
1662,318.5694418626452
1663,340.9899394502994
1664,279.73483683972427
1665,309.8055257365878
1666,267.3634380655036
1667,398.94599831524897
1668,297.9100123120163
1669,387.45913348923267
1670,399.53190672184417
1671,358.50101148523555
1672,388.18895368667955
1673,373.2737146655511
1674,355.6263871417834
1675,355.3962714444016
1676,314.2600475175079
1677,233.37584237302104
1678,394.09889723349573
1679,364.5213429615868
1680,386.825334112329
1681,253.30386050608053
1682,392.2251067789531
1683,357.5752820066134
1684,414.93532550433775
1685,388.5325490381951
1686,372.07822615260267
1687,359.48159371143873
1688,355.3395765712533
1689,322.04022000652475
1690,423.15849767312966
1691,450.12487638339326
1692,379.05916155263554
1693,352.5582239163052
1694,398.19245607109815
1695,302.4745766729671
1696,466.8917679022553
1697,313.93991568494704
1698,338.63232010984956
1699,334.3624690464882
1700,290.0262612601557
1701,354.7488319534983
1702,434.2965001511084
1703,419.5396638480039
1704,345.2201780300019
1705,461.1554170692226
1706,337.31962236004944
1707,414.3565278673316
1708,372.74212022751516
1709,375.4317394723346
1710,291.78014698855816
1711,330.09984017965667
1712,396.82580229744303
1713,389.3163982999366
1714,319.53651467163405
1715,306.14946677790726
1716,373.9853454050292
1717,340.23544854321153
1718,311.99025828148007
1719,305.9532362594886
1720,323.1585544265118
1721,268.968567724145
1722,361.8862330671468
1723,378.5184975522416
1724,318.418516433122
1725,316.24965858905006
1726,324.41012793169966
1727,416.17265278360026
1728,342.889193601683
1729,327.8126126854534
1730,351.3990745909938
1731,399.26581720238374
1732,363.60836836844805
1733,309.0744251677159
1734,356.12934463530075
1735,332.9570018482568
1736,314.8088180939404
1737,390.7487049883843
1738,319.7520414847054
1739,400.96016789943576
1740,346.476353666943
1741,289.93767408033153
1742,302.1618906534355
1743,295.6493831522597
1744,399.2405748805206
1745,444.10166526660964
1746,372.45310524962713
1747,278.71635012553065
1748,400.97398006382605
1749,364.4667258352134
1750,345.8748015923824
1751,417.5280163431207
1752,323.73015420019715
1753,397.8634123834753
1754,358.6064686109833
1755,330.0291562152404
1756,337.49095899798937
1757,416.21416730395265
1758,369.53584963321833
1759,349.52748601440516
1760,331.6271679655458
1761,385.67424367900816
1762,428.1281989357521
1763,354.28046179592013
1764,256.26266532281323
1765,300.7451857563872
1766,308.48778133173676
1767,331.8901834754303
1768,382.2592327964635
1769,335.90212278981323
1770,310.3214555582555
1771,315.71775420596487
1772,307.78692579152545
1773,340.2933593464817
1774,396.81799462034866
1775,351.288435400518
1776,354.47290098980284
1777,350.06967681176576
1778,442.4278733923369
1779,383.0575478751134
1780,314.414360604772
1781,420.1825624156403
1782,334.22483547547563
1783,339.63349204481244
1784,316.7346341924778
1785,277.4024970791897
1786,343.3500291286969
1787,382.59669104181097
1788,329.2665365958903
1789,321.20928594782583
1790,392.7653672436344
1791,383.9732974737701
1792,296.0465117193211
1793,300.30115217333343
1794,329.7068853306437
1795,389.79654089741723
1796,358.0317622964689
1797,382.5360749892668
1798,455.27031754239323
1799,237.14599345327645
1800,395.9930783065774
1801,312.5107092028494
1802,484.74929359394724
1803,400.9983736546347
1804,387.4968654148547
1805,313.15060511365135
1806,295.80025593607695
1807,436.68061352064956
1808,468.511226908199
1809,339.8542703992076
1810,335.3672094660304
1811,370.80037186400136
1812,350.90958122522534
1813,384.0010392131581
1814,316.9144309951327
1815,322.01757746997424
1816,327.5298116127507
1817,301.6462829051342
1818,354.2042374405464
1819,409.7976793120017
1820,435.59683910811924
1821,391.5368579954494
1822,398.7842256309484
1823,277.9157173355995
1824,313.6814285906815
1825,395.51535965490365
1826,327.0200896852217
1827,345.60499185013913
1828,308.07220670028437
1829,247.7451430122823
1830,376.2525169203475
1831,218.6172941574853
1832,335.91471415703404
1833,337.2730595527096
1834,279.6960740053096
1835,382.4291600374246
1836,358.10631880718347
1837,277.7572317356372
1838,481.91409955306347
1839,367.63160529182346
1840,366.2780366261241
1841,392.757126784382
1842,336.1618224764167
1843,322.38190660149957
1844,378.74188596057456
1845,310.94272749051447
1846,343.1726843267811
1847,338.5948825173656
1848,322.9905336708782
1849,440.22538675231647
1850,441.43605529207724
1851,405.1812364386892
1852,281.53873888115686
1853,350.61572993586225
1854,392.68718558530156
1855,302.4792404201174
1856,277.3137027971948
1857,355.56787702490624
1858,265.3330223680269
1859,370.31800248136994
1860,398.4229878431896
1861,266.8525550155729
1862,362.35153324951835
1863,341.70611702235715
1864,293.96333865335487
1865,356.0190228899911
1866,390.79651749005575
1867,394.8748202552614
1868,370.2343366471338
1869,341.1874124789832
1870,428.8421123742594
1871,400.54735828721994
1872,380.83867192997354
1873,272.1123536047662
1874,422.9220122945216
1875,396.67026598029986
1876,287.07469264800284
1877,375.1933663950645
1878,358.0414155956916
1879,397.3556095720736
1880,303.5164860745841
1881,391.81434355687065
1882,293.2107639151219
1883,338.35601508795133
1884,348.6928851479252
1885,334.5624728356062
1886,378.02828471122956
1887,426.9007820897957
1888,319.92339086398795
1889,417.4685472677746
1890,305.72760098542545
1891,423.97960284727384
1892,334.23661313026736
1893,425.42277540611315
1894,368.2821075626401
1895,265.2330587719986
1896,263.5235664680925
1897,297.77934976361644
1898,375.27079043103146
1899,327.8921305780969
1900,360.2303680194656
1901,266.1802383335204
1902,331.9969889359858
1903,340.94359563774975
1904,265.1342840768024
1905,433.7970833775896
1906,342.90913059355455
1907,323.4848591462447
1908,374.61902469334785
1909,289.86062758273783
1910,376.43957449791344
1911,328.4974686915396
1912,319.19403805872963
1913,401.6187697262587
1914,449.0110890937396
1915,386.24048618621975
1916,387.5348820753449
1917,389.11950444378306
1918,211.1181107577098
1919,302.77788942914646
1920,337.56042249266113
1921,358.4790028463298
1922,318.80863554980317
1923,307.0382240921101
1924,404.20553264898035
1925,334.85045081170813
1926,418.7361009014838
1927,345.4945276852134
1928,328.125582199014
1929,278.3715392980797
1930,320.79608151172687
1931,384.0867511007508
1932,315.56527410518527
1933,409.2120387779843
1934,348.17491486329027
1935,398.78195970089325
1936,395.1845978310372
1937,332.79775122517964
1938,420.4071787866859
1939,357.53684892777903
1940,355.9241189618907
1941,343.87351998222016
1942,341.54213632896654
1943,328.37894410055424
1944,418.3681134237423
1945,258.02922337445796
1946,272.98727161717267
1947,383.26734543403654
1948,467.64728828782864
1949,332.5833874447054
1950,420.78291306477746
1951,286.186829158257
1952,245.73344345120876
1953,445.9567080890244
1954,342.92536871450875
1955,379.22608594657305
1956,319.34860232485585
1957,424.93692687199604
1958,336.1662295447827
1959,396.2383144051149
1960,356.0424986712389
1961,297.6349058782092
1962,354.89055283587567
1963,355.9670960853551
1964,377.0798982927689
1965,385.12084873108483
1966,239.75404506675198
1967,328.22162178595306
1968,351.5450369309826
1969,327.8637605526041
1970,397.28766895114074
1971,323.46999898437116
1972,349.54324517127645
1973,434.12406001748377
1974,410.8180631181299
1975,376.918997083183
1976,371.7570478525469
1977,420.13458802875243
1978,386.93602196727863
1979,427.55856692028976
1980,365.6759402547363
1981,339.5657854778566
1982,254.8056917222416
1983,316.30348824858436
1984,395.75581517286406
1985,261.1026943407818
1986,377.4855710038569
1987,260.4462744180952
1988,358.0843175642632
1989,343.9331341033065
1990,389.4814415290904
1991,363.9978888314501
1992,290.0851074142384
1993,329.7451881215762
1994,357.34841547628486
1995,318.0968070688484
1996,303.34681704077383
1997,464.36159862387876
1998,287.81885743395515
1999,439.91035737401967
2000,331.49185154085603
2001,338.20287005494214
2002,358.332161430791
2003,386.6423803615249
2004,300.44358033453926
2005,355.8718148520332
2006,428.6640488862972
2007,399.59950513018333
2008,350.7989486130039
2009,331.79979573905933
2010,388.72895702032247
2011,325.0348582740631
2012,334.4666054078824
2013,366.3503018630812
2014,293.9613175832599
2015,287.3351693290283
2016,340.8627274756521
2017,260.4067306011134
2018,289.1782787829032
2019,484.89428635577326
2020,435.70303786677607
2021,431.83327428294217
2022,356.49087349767575
2023,307.78309459394774
2024,375.91224234473697
2025,414.24755376405244
2026,357.79063544423116
2027,314.1672243200089
2028,340.0007902787916
2029,284.8974725093591
2030,385.5988827463582
2031,289.19005270415073
2032,300.1935577101401
2033,425.917691204901
2034,337.5709873217048
2035,333.3127718532981
2036,404.8911022962758
2037,377.22321726596596
2038,472.16385580746976
2039,272.14774869819877
2040,395.3464771847933
2041,371.92677812863377
2042,331.27780710524576
2043,408.42178724565537
2044,312.72741112342237
2045,353.9116442382927
2046,304.5411281110238
2047,373.78705130856326
2048,292.8905642096167
2049,307.33950142253053
2050,327.7074782652502
2051,301.6951588991778
2052,403.22039291468525
2053,422.3224233518276
2054,335.40549758108114
2055,312.3475766830081
2056,348.1125434266409
2057,348.8105594864493
2058,315.7164033981845
2059,359.13942737804297
2060,332.8312352465202
2061,365.3953850143178
2062,384.9926749673455
2063,398.9237739946785
2064,401.66605176855995
2065,332.9226971690893
2066,359.1351566252468
2067,401.9853257677939
2068,435.605881056869
2069,313.714149851511
2070,369.2004401039569
2071,414.0290683261334
2072,380.0171042089468
2073,345.88546713209934
2074,346.96980780325674
2075,273.5895763956928
2076,297.6566604612235
2077,385.8108014458849
2078,405.603954634568
2079,245.28946837190017
2080,361.16117203049015
2081,385.43648510152093
2082,387.93446134577505
2083,350.7694910239132
2084,375.5938557462414
2085,365.539586404237
2086,394.1773729196982
2087,295.1176015670863
2088,428.35754806841663
2089,384.73333466142697
2090,363.87941425341023
2091,352.9514204917043
2092,314.3909550443598
2093,364.86560851908354
2094,400.71906790822743
2095,389.7828293845114
2096,332.1174530214079
2097,362.4613342728079
2098,422.0667933609703
2099,358.85566279888764
2100,383.86453192785655
2101,365.30405303209926
2102,399.58626372897186
2103,287.3481264704651
2104,326.41582235929513
2105,343.8663437774697
2106,311.0969653943163
2107,353.6251450522958
2108,350.75314402439614
2109,346.71128693320395
2110,292.55914121553803
2111,424.39198814712216
2112,301.31672701409906
2113,366.5415070036651
2114,389.2250619815446
2115,378.07101461977027
2116,411.7344206681358
2117,335.85266961492897
2118,499.2610934520535
2119,407.54364289521135
2120,410.45421896053307
2121,282.016542751648
2122,337.5905265894306
2123,330.1381947359091
2124,474.4500968332267
2125,345.26451333105064
2126,370.386590801289
2127,404.2101898693331
2128,367.7955315823914
2129,386.40632266489774
2130,374.5629950512191
2131,294.71612030316794
2132,309.26204237925407
2133,313.3976774590135
2134,259.5840612658511
2135,415.9123759011935
2136,357.24122273396523
2137,316.7027673308259
2138,315.534867474531
2139,338.8668130828401
2140,418.686046023564
2141,294.336554046417
2142,460.28751346358064
2143,389.652278610926
2144,326.6593260069131
2145,351.2117423584604
2146,338.2228824318285
2147,382.57431385562904
2148,338.98738424588396
2149,373.44054942207816
2150,361.5520798325371
2151,387.7573969266228
2152,347.5916729679652
2153,435.0532204185015
2154,431.75213271178944
2155,322.97651019228465
2156,303.17274851184334
2157,374.7453681438989
2158,319.58829247633236
2159,307.39167237127106
2160,326.12067073186984
2161,285.86139037044336
2162,349.9214256532944
2163,431.06605544417374
2164,405.22776258388836
2165,365.85758328325574
2166,370.1440788998214
2167,393.69373669389023
2168,379.9175482508249
2169,296.69214804215676
2170,360.19249071984785
2171,421.65974912314636
2172,418.59853124050727
2173,318.2120899529387
2174,317.755475855405
2175,406.852179965607
2176,279.8137089373232
2177,327.5620622690442
2178,357.9117347712705
2179,324.9407536310559
2180,313.7991878914939
2181,394.9534208080521
2182,381.67948540788836
2183,272.9482756799203
2184,362.22579177645
2185,283.48907621710606
2186,297.2690564145003
2187,343.7103735852861
2188,393.70966718569946
2189,362.03117250699313
2190,354.6130267264362
2191,315.8585065320425
2192,359.5777455394092
2193,318.8940998776574
2194,362.65435032177913
2195,413.0273054235747
2196,361.29998919383263
2197,367.02650895171166
2198,446.4180377774721
2199,389.1329695273548
2200,311.5952634116628
2201,364.3721847394433
2202,241.0747570546661
2203,355.8734892390289
2204,322.74213236004636
2205,415.6546546564298
2206,417.6103671573562
2207,286.4459576283017
2208,318.9755706006606
2209,381.3961914806817
2210,370.65580365779675
2211,356.43360298405184
2212,344.8737883144204
2213,337.9371585629331
2214,389.7507557737543
2215,367.9946710498242
2216,378.0589359855415
2217,329.92640669939766
2218,331.7180257234936
2219,227.72395400379875
2220,378.01629434405
2221,364.7180829639888
2222,390.07879881973656
2223,417.14445591604704
2224,394.6694575434694
2225,450.2959543966965
2226,385.9752435106445
2227,362.84147175958765
2228,387.3890780268289
2229,336.7933791736982
2230,338.0450856432274
2231,369.39490874280676
2232,338.47592803144863
2233,246.96732110435917
2234,408.4187999463121
2235,313.5957297658767
2236,341.3115767626632
2237,418.85813471219734
2238,453.11109796935784
2239,310.79407027344683
2240,319.85422095775374
2241,353.1646408239996
2242,352.12130334429764
2243,396.75642942491936
2244,277.1699639842059
2245,271.8722975311439
2246,289.4951044846629
2247,384.89365007772665
2248,397.6215646255391
2249,434.801502331292
2250,429.5279009523527
2251,297.19866220185236
2252,418.94097757640355
2253,474.5288675370622
2254,392.13604121084205
2255,334.51934595041746
2256,389.154234640848
2257,346.90667043322367
2258,261.1473148960711
2259,289.699434423498
2260,320.51670322689694
2261,382.69049822572083
2262,310.1512537639817
2263,397.3638751642157
2264,337.85874935661377
2265,313.0135040010023
2266,434.2238269927376
2267,233.56553024258432
2268,335.37493369790843
2269,397.86422894717856
2270,298.587755339733
2271,357.80883591630294
2272,359.6071141518
2273,335.095695355791
2274,382.22231195852777
2275,370.46760524692684
2276,331.8164276416586
2277,396.9210473512827
2278,477.98356165945586
2279,295.44237664091713
2280,368.9815447565386
2281,405.76149440465906
2282,300.26184514937273
2283,404.17184018526194
2284,402.1822299056365
2285,360.1384541695233
2286,359.5560636844012
2287,309.11078228773096
2288,251.52552362945158
2289,329.3810186723453
2290,290.02029151256244
2291,367.1195074177476
2292,295.2727360333074
2293,323.405277495508
2294,341.1141921356842
2295,370.8277173985577
2296,387.8400167154286
2297,370.39601965155464
2298,324.5506965562034
2299,257.3442568154992
2300,414.3448422930513
2301,382.2260997705768
2302,320.7790255111279
2303,359.7148572963015
2304,433.1595169311553
2305,285.5148179182572
2306,270.18623011532617
2307,345.27024146169913
2308,366.7075918034418
2309,347.6592935952194
2310,317.73922703431333
2311,399.7315934075147
2312,334.0907299782047
2313,359.79566757667095
2314,419.67640871992876
2315,342.95674816462883
2316,368.70367098812073
2317,405.85018621635174
2318,295.7736183765631
2319,276.9484418360887
2320,357.07937166127795
2321,281.1331438560165
2322,348.7586453974128
2323,284.21657538173116
2324,272.6277594620638
2325,266.80588348041397
2326,432.8484407043108
2327,393.71558337500966
2328,355.23354196725165
2329,470.4316549199275
2330,393.77046473156173
2331,294.86955892678174
2332,382.7657630461188
2333,359.6729983333353
2334,430.6426979791088
2335,301.81207698122455
2336,258.7130214137186
2337,324.90600586481287
2338,362.44355474887556
2339,348.49414804435764
2340,329.0329310002495
2341,358.8473187235517
2342,301.923415003279
2343,278.82826986986595
2344,321.0165360150018
2345,402.24886283901543
2346,290.2748384815927
2347,333.6893373365091
2348,306.92712676003396
2349,360.7311785154907
2350,373.28609391188274
2351,402.8497256383786
2352,315.78273196322596
2353,301.24005451336893
2354,425.0375386366284
2355,407.9518306417382
2356,408.7783869815143
2357,262.4680736687794
2358,309.54887423428806
2359,481.09509385283013
2360,421.6844999907553
2361,272.2058495140217
2362,327.24868135380495
2363,362.3737927295209
2364,355.503245156666
2365,478.22241194372316
2366,302.6521308047633
2367,328.5129635220801
2368,311.3971841565089
2369,471.1136860261075
2370,360.04288796348493
2371,350.1009649759295
2372,357.72776906393756
2373,264.372317154765
2374,329.0918898247656
2375,391.2489631453957
2376,405.6939522763735
2377,394.15544114585134
2378,336.89604942140954
2379,398.1000239784136
2380,313.6829114122375
2381,308.0587087072573
2382,333.8036676399945
2383,328.75182006266556
2384,360.6266420335748
2385,311.4534365154211
2386,291.0503164488952
2387,313.09581522645556
2388,399.6681152507946
2389,319.6259039810405
2390,305.5319196035142
2391,283.9307999697162
2392,301.3679784180154
2393,295.1579515419666
2394,443.857257431166
2395,309.9636557036257
2396,383.505142635143
2397,310.5564549363599
2398,270.5385075516432
2399,274.32143233403934
2400,411.4781589287219
2401,428.6126701273497
2402,328.28391902788894
2403,273.7558760887273
2404,491.1155892176123
2405,388.3611355830592
2406,369.7620076664054
2407,330.82471253840504
2408,400.5166516654949
2409,260.5866906191991
2410,299.5146839070952
2411,380.71805794409806
2412,487.14313715528806
2413,364.0890626622785
2414,226.78454093130404
2415,351.49386083674955
2416,362.0497633632861
2417,344.165787895161
2418,360.27173302471056
2419,356.27213440304274
2420,398.4226850413946
2421,273.17496265667785
2422,276.05193930764085
2423,360.08174641308494
2424,383.69788029026876
2425,381.0693787751717
2426,302.7222568134469
2427,376.0881081314002
2428,424.123010580457
2429,444.42860715092036
2430,336.80189144209237
2431,361.4767506571926
2432,285.2285078430144
2433,384.80303702231913
2434,278.28992450428586
2435,439.81095542087496
2436,349.42285504263253
2437,408.5273295892768
2438,396.40087337278885
2439,375.9906984514579
2440,253.521709331033
2441,415.60281921229443
2442,435.46911062796084
2443,332.1874051944905
2444,417.0447753472389
2445,352.71515190871946
2446,389.56260827212327
2447,234.33637175869757
2448,346.00764399247294
2449,412.8753965371377
2450,366.7578971115367
2451,235.28626053197837
2452,381.9120255576703
2453,344.6569474354045
2454,390.6596126127176
2455,314.147263565816
2456,348.4159705665069
2457,398.90490522785836
2458,307.4321985360817
2459,321.90548123261607
2460,358.37546788573775
2461,304.970306645997
2462,382.523955710353
2463,366.95585187701386
2464,322.6756934109115
2465,342.5110517241337
2466,317.0238838774149
2467,325.30835471191006
2468,434.11076925159
2469,344.01199128305814
2470,379.4431545945571
2471,354.2759851184665
2472,379.2556339783656
2473,341.9134427708515
2474,270.8041384070944
2475,303.54946319898244
2476,376.46818519048276
2477,338.54427161589564
2478,327.6964588289081
2479,408.2637087400822
2480,324.3922446728282
2481,298.1994105806107
2482,359.57476465368734
2483,329.8670111025298
2484,374.90067680405593
2485,346.6967025780664
2486,392.29359494783085
2487,324.427199787105
2488,338.9395675950002
2489,291.9973177986926
2490,334.05433112840757
2491,368.5019706228789
2492,277.81548445567034
2493,358.3983362731024
2494,241.059246941399
2495,409.23153427223315
2496,311.72467370881765
2497,399.9614290072893
2498,337.75922689050935
2499,355.4112405488097
2500,389.5200057688436
2501,319.6254950038963
2502,392.5919853571116
2503,365.7507546999862
2504,393.9284908893176
2505,332.7133981342258
2506,242.9718783254492
2507,290.6770986424878
2508,335.05426792947543
2509,386.3141549315827
2510,280.7988495850859
2511,389.9701973486038
2512,439.9560991517203
2513,379.576757918138
2514,407.72168034001606
2515,306.8337935258236
2516,293.76085963300045
2517,419.46528311466204
2518,325.6791030346498
2519,316.4849929182742
2520,372.3128277027532
2521,317.1177773956383
2522,316.1159764066863
2523,327.89223277273464
2524,366.3692357478056
2525,381.962275377386
2526,329.0957591905845
2527,329.92987379055455
2528,409.57429795566406
2529,378.4615063245168
2530,284.95004921050344
2531,435.49998918789754
2532,255.884901321197
2533,362.68472079214257
2534,295.22448931549195
2535,347.61670390115114
2536,272.43283642837906
2537,398.1116321649712
2538,429.8638803562254
2539,316.51961915571815
2540,395.74152748602137
2541,309.22277913383215
2542,413.7264081113294
2543,368.09532451586074
2544,331.87847480374194
2545,356.1404722125733
2546,334.0403770548651
2547,353.2344827534422
2548,259.76980702901005
2549,350.42049377758883
2550,359.815923024485
2551,239.02055816181513
2552,380.7808881315364
2553,352.1187149663119
2554,303.88897013162165
2555,347.9521225025215
2556,337.7797665918085
2557,322.71924124462635
2558,364.20037688040827
2559,314.1021220183289
2560,315.98880166231515
2561,363.6073691998438
2562,328.8128765153047
2563,399.73036267988107
2564,440.1446357708006
2565,298.23976058783387
2566,286.0093306488285
2567,292.357999357122
2568,295.1766689560711
2569,308.4039976354449
2570,286.452934725799
2571,379.14748906236713
2572,351.6035906955316
2573,382.8546786142507
2574,361.53797629340676
2575,409.6998600933082
2576,260.8489141954255
2577,409.92781065099166
2578,358.75927485108633
2579,353.1463963745048
2580,263.3824488975647
2581,324.7924302354287
2582,358.40964363510284
2583,352.7978422004015
2584,393.7740756307608
2585,236.25601551955316
2586,321.42530510909523
2587,357.16313196893685
2588,392.614622833242
2589,381.7050264631746
2590,404.97061507974615
2591,325.65561548102
2592,335.2271134463005
2593,330.88423744645297
2594,274.8315809150108
2595,303.9998350635625
2596,313.81780053150067
2597,499.7953307782334
2598,344.89279497615547
2599,338.1706377808733
2600,289.4883398325662
2601,241.96925732225398
2602,317.342055271388
2603,347.2671314006196
2604,303.3597816089893
2605,262.9419271540999
2606,290.30114667490943
2607,357.74306356498835
2608,357.9504506132352
2609,438.0031029778415
2610,382.4057974996953
2611,348.1013574379829
2612,379.39724794976246
2613,322.40979650188325
2614,368.4302076262992
2615,444.0777238831723
2616,281.9058406751591
2617,427.72569607631635
2618,420.545221534656
2619,420.7978808872515
2620,341.13623183986493
2621,452.92938822251074
2622,269.64206205427166
2623,335.95246579630555
2624,326.6032913890351
2625,380.7185210946774
2626,318.5283800493424
2627,418.8742775294066
2628,352.36772566574524
2629,346.8494859146202
2630,338.8706115798415
2631,330.12884875661206
2632,344.7004194515491
2633,338.59887440204716
2634,356.8710051378722
2635,333.0983128565408
2636,355.67657375525533
2637,355.63448410852385
2638,281.34005367781975
2639,344.7097331532991
2640,402.85343635676344
2641,353.9538407716572
2642,482.5137099683037
2643,460.6127994135328
2644,355.4689286433346
2645,257.8353298757549
2646,419.3408482990029
2647,411.1772303597334
2648,382.2512861371165
2649,239.42562097567964
2650,366.4984181068592
2651,311.7974621811381
2652,428.07528892891855
2653,279.1464465075222
2654,363.5555583451631
2655,354.95917521386434
2656,357.7494453470348
2657,322.42880146190527
2658,361.9753521540687
2659,380.25226388319163
2660,333.22876916162016
2661,325.3033257848706
2662,362.41124595819014
2663,344.6974922500257
2664,332.0790184527065
2665,324.0568338141992
2666,376.6620714039251
2667,283.2885869274464
2668,261.6242406007305
2669,299.96022244504206
2670,461.37517775919673
2671,309.29921153162115
2672,347.5196762009354
2673,303.6963298022698
2674,328.0518599118166
2675,371.6593325262827
2676,260.1640444479948
2677,299.3045855915392
2678,334.46118759291363
2679,372.74641052360846
2680,457.10914378004287
2681,364.52452700771323
2682,318.4027992070801
2683,335.52317039194435
2684,340.1434013627245
2685,282.2322932727244
2686,324.294772953235
2687,346.83857843133745
2688,314.62345337753936
2689,289.28557233982
2690,341.3059647557961
2691,309.6477519556476
2692,251.93987115493798
2693,282.9798508156545
2694,315.38360189558614
2695,375.83081919247894
2696,355.83479558595263
2697,430.1550164699617
2698,329.7030676083442
2699,304.9517689330532
2700,433.3758184246372
2701,327.3852934344959
2702,347.30770457941543
2703,248.39281406688949
2704,371.68428647307337
2705,296.03899295507705
2706,321.7640719368945
2707,336.95762252954796
2708,333.8357993376247
2709,303.92405860830206
2710,361.1993794644538
2711,385.6532175389899
2712,306.3803748099734
2713,295.3096875848402
2714,278.9726170939506
2715,387.61676030356125
2716,318.1123024751811
2717,431.5895193079061
2718,388.4612243574088
2719,307.6302825988752
2720,391.9438489774657
2721,370.1547162010384
2722,338.3463595683931
2723,331.0762762371169
2724,363.0594588280062
2725,336.3644345997403
2726,301.5989464959914
2727,349.9243485120485
2728,361.23754957315066
2729,308.0115199602959
2730,404.0577479306585
2731,424.4482143226549
2732,414.0651906710117
2733,265.9707140378581
2734,324.2763964394597
2735,305.717541311794
2736,414.47053668291863
2737,275.19655745211537
2738,416.97196463247144
2739,280.5827281733773
2740,387.8452483983688
2741,429.0454018955993
2742,253.7617040623939
2743,309.102860135715
2744,278.6968634389059
2745,294.3702988554459
2746,303.2861767828502
2747,327.79779614884575
2748,371.37250656999
2749,354.8069105860871
2750,333.08649906277907
2751,401.7306891281683
2752,296.21497011390124
2753,341.208488348351
2754,397.67273380334916
2755,303.34589120129726
2756,358.0200353685353
2757,336.3755988225284
2758,341.5951030988213
2759,318.52110877366607
2760,336.91726542596024
2761,384.25110592024424
2762,258.458923617448
2763,387.4008407818171
2764,310.6493793405766
2765,368.6792161807668
2766,355.99660786797693
2767,319.2473961097164
2768,368.20243683424076
2769,362.9341246683329
2770,379.19249946769685
2771,316.33295651643834
2772,307.5931926477431
2773,267.8643493146402
2774,392.30540257999377
2775,315.52498593177785
2776,448.30085865476553
2777,361.3915530955689
2778,392.01423966082547
2779,368.09638151815466
2780,451.81867294895073
2781,390.7713093450668
2782,369.75112306937143
2783,322.9056466046793
2784,388.33468239305347
2785,255.50828316671314
2786,329.93654023874194
2787,309.95201988920553
2788,331.8722961071407
2789,312.9595072890643
2790,456.572433005943
2791,324.22470097199135
2792,284.4515287021258
2793,444.55964650657074
2794,332.4309776294314
2795,288.3626145938349
2796,340.4208902390009
2797,408.65509096596395
2798,398.61283234955295
2799,467.84007168585356
2800,411.7871664051157
2801,467.0690995372139
2802,373.0226549583157
2803,465.06562772800714
2804,345.0682519262111
2805,334.25774620340303
2806,325.68236400694235
2807,397.0926068562738
2808,417.098673541896
2809,342.41897255896725
2810,357.50551369348307
2811,328.73249300281964
2812,314.8215215459685
2813,318.1639338062508
2814,354.92448869682596
2815,363.9164024009081
2816,312.46548947009643
2817,285.09783508984674
2818,322.76093944964225
2819,355.957844831978
2820,356.91540841485534
2821,347.8073664404142
2822,385.1421890620648
2823,410.33846803464263
2824,319.3449668549831
2825,422.662030919284
2826,443.0227033710994
2827,343.76263819202336
2828,319.426107500432
2829,390.2747625253046
2830,312.7112256823726
2831,326.82834875509843
2832,338.1897786760481
2833,368.6026676272873
2834,338.9322591169229
2835,427.4731554216836
2836,312.9077377483285
2837,361.4655051998772
2838,275.79072572760356
2839,361.80887469844595
2840,378.3476237296676
2841,469.4538459555932
2842,338.2680658960215
2843,225.1994307441783
2844,299.0866718227617
2845,430.8962064314575
2846,352.93450436781166
2847,296.9180902712433
2848,373.0191778566601
2849,357.5132528092869
2850,337.11785981971826
2851,287.5202134784106
2852,311.42383534050765
2853,332.8293247248582
2854,340.7626815594063
2855,314.0324539182831
2856,339.81955320838495
2857,460.38652977243095
2858,436.08401892230256
2859,357.54138763340774
2860,258.735804642753
2861,328.0686115552005
2862,369.3792981505044
2863,340.2040426715737
2864,268.2430859124096
2865,372.71432834364595
2866,349.18424196038967
2867,374.93133292489296
2868,332.9618258709536
2869,276.008275787071
2870,394.41796197177405
2871,438.1644115448986
2872,326.92934262210525
2873,274.2796822398897
2874,276.78728043913014
2875,357.7993019704664
2876,250.06968534881872
2877,373.34921164538736
2878,323.270738937886
2879,366.0826206905817
2880,261.4450037972517
2881,292.773601452983
2882,364.70650344432124
2883,279.02684512206434
2884,375.5171774557879
2885,371.9120916765935
2886,386.76822614496234
2887,382.8321362857812
2888,240.5981103474499
2889,390.79709238993553
2890,305.0523292655974
2891,314.9149660866237
2892,338.4576704118975
2893,436.37356655071335
2894,358.9261922962924
2895,393.25503574464324
2896,314.07557034993727
2897,295.40656014888253
2898,333.93893362796456
2899,382.37266891015895
2900,268.9379852256636
2901,360.38341878976206
2902,469.0758795387825
2903,373.4781588665082
2904,419.194838423957
2905,321.9636339482838
2906,429.29137120653564
2907,338.07942987091036
2908,369.6463738092346
2909,313.8081914945399
2910,414.94761349032603
2911,293.7637641885888
2912,318.5733374262236
2913,376.5699041367766
2914,323.0508479584726
2915,303.52008441353684
2916,382.68115281859235
2917,317.8203224127847
2918,272.25703392631203
2919,325.9621594655181
2920,375.2552364882347
2921,341.738275774755
2922,350.41679874709763
2923,441.1349225222136
2924,333.4199341829116
2925,413.3885330463263
2926,400.995990977298
2927,394.2152612077947
2928,332.44264961358556
2929,328.96068053623503
2930,364.76699400471625
2931,437.0677143532504
2932,382.7145326429509
2933,367.89893042652244
2934,252.72564989433982
2935,337.82774648092544
2936,429.21996846556516
2937,433.9684698114588
2938,358.340205397783
2939,395.26926765618543
2940,383.66584787092444
2941,343.5735171122338
2942,390.2716904751093
2943,301.7987647552473
2944,281.93741863244355
2945,313.3779707398603
2946,361.60941800019583
2947,362.5209557714042
2948,354.92335515027503
2949,413.98774052474965
2950,401.2901027957643
2951,372.7280493259354
2952,365.64669380947356
2953,334.69504450164914
2954,473.55592663463983
2955,248.34987116254615
2956,346.74390633801465
2957,358.59920475556214
2958,277.7196571910288
2959,293.1200569413375
2960,486.20896419983956
2961,258.02589149072406
2962,312.45794489894433
2963,384.22210121234235
2964,391.3447540005633
2965,337.02333670785777
2966,279.22601322932576
2967,389.1649326537025
2968,383.59964372049507
2969,378.0375958305339
2970,357.81759174718303
2971,312.1831542325775
2972,414.16951003035393
2973,426.5648907808717
2974,419.484785160061
2975,280.43504244337
2976,311.5786409090924
2977,385.66708550507167
2978,245.0471710258406
2979,333.787063807643
2980,307.64985481130344
2981,351.9326271766166
2982,350.9389015841183
2983,370.46844810136645
2984,289.02856912296784
2985,341.4443161523854
2986,354.39195968319876
2987,261.4282863942316
2988,346.6460564682106
2989,351.7584374327256
2990,381.1320299768986
2991,373.6019427394666
2992,339.99992095221086
2993,282.8612193726984
2994,440.0215245225054
2995,352.5528716787663
2996,394.76619538873314
2997,393.34804950041297
2998,402.990924361323
2999,391.31371155999915
